3 0.645312 0.601562 0.100000 0.403125
3 0.485938 0.491016 0.075000 0.385156
3 0.575391 0.446484 0.072656 0.358594
3 0.264453 0.376172 0.072656 0.339844
3 0.194922 0.241406 0.058594 0.273438
3 0.299609 0.732031 0.071094 0.479687
3 0.348438 0.776172 0.093750 0.442969
3 0.440234 0.411328 0.064844 0.338281
3 0.284375 0.130469 0.062500 0.223438
3 0.551953 0.184766 0.060156 0.266406
3 0.407422 0.866797 0.127344 0.264844
3 0.061719 0.855078 0.110937 0.260156
3 0.541406 0.885156 0.123438 0.229687
3 0.382812 0.257422 0.056250 0.289844
3 0.330469 0.108594 0.051562 0.198437
