3 0.046094 0.686719 0.076563 0.420312
3 0.226953 0.721484 0.116406 0.486719
3 0.171875 0.498047 0.100000 0.414844
3 0.132422 0.400391 0.077344 0.366406
3 0.318750 0.418359 0.087500 0.383594
3 0.249219 0.519531 0.098437 0.276562
3 0.235156 0.383984 0.070312 0.189844
3 0.179688 0.253516 0.062500 0.141406
3 0.167578 0.192188 0.047656 0.096875
3 0.230469 0.285547 0.054688 0.142969
3 0.236719 0.203516 0.054688 0.141406
3 0.267969 0.267578 0.057813 0.182031
3 0.321094 0.230078 0.067187 0.163281
3 0.362891 0.371094 0.066406 0.323437
3 0.413672 0.442969 0.089844 0.376563
3 0.446094 0.362500 0.073438 0.328125
3 0.498047 0.449219 0.077344 0.348438
3 0.589063 0.436719 0.087500 0.354687
3 0.648047 0.386328 0.071094 0.335156
3 0.570703 0.262109 0.060156 0.233594
3 0.528906 0.344531 0.073438 0.279687
3 0.504687 0.229687 0.043750 0.128125
3 0.484375 0.258203 0.062500 0.285156
3 0.546094 0.128906 0.064062 0.176563
3 0.664844 0.339062 0.060937 0.296875
