3 0.401953 0.516797 0.097656 0.392969
3 0.492969 0.412109 0.101562 0.367969
3 0.552344 0.337891 0.089063 0.338281
3 0.361719 0.432031 0.073438 0.351562
3 0.306641 0.370703 0.091406 0.357031
3 0.260937 0.486328 0.075000 0.363281
3 0.209766 0.348047 0.078906 0.364844
3 0.159375 0.416406 0.075000 0.348438
3 0.129688 0.504297 0.093750 0.386719
3 0.077344 0.317969 0.082812 0.329688
3 0.142969 0.208203 0.067187 0.210156
3 0.440234 0.109766 0.064844 0.188281
3 0.513281 0.122266 0.060937 0.213281
3 0.491797 0.207422 0.071094 0.261719
3 0.012500 0.289844 0.025000 0.295312
