3 0.552734 0.777344 0.108594 0.445312
3 0.417969 0.572266 0.089063 0.407031
3 0.604297 0.464062 0.071094 0.400000
3 0.704297 0.441797 0.071094 0.383594
3 0.182031 0.626953 0.085938 0.466406
3 0.335156 0.466797 0.079687 0.389844
3 0.249219 0.425391 0.085938 0.360156
3 0.069141 0.739453 0.116406 0.488281
3 0.450781 0.322656 0.067187 0.304688
3 0.110547 0.469922 0.077344 0.364844
3 0.536719 0.313281 0.054688 0.304688
3 0.666797 0.359766 0.058594 0.332031
3 0.161719 0.364063 0.067187 0.225000
3 0.580859 0.152344 0.071094 0.195312
3 0.570703 0.348828 0.047656 0.307031
3 0.625000 0.329688 0.062500 0.321875
