3 0.448828 0.608984 0.091406 0.392969
3 0.273047 0.707422 0.096094 0.467969
3 0.175391 0.652734 0.085156 0.464844
3 0.566797 0.228906 0.071094 0.298438
3 0.742188 0.188281 0.081250 0.279687
3 0.408594 0.392578 0.060937 0.341406
3 0.458203 0.330078 0.066406 0.332031
3 0.054297 0.550781 0.077344 0.423438
3 0.118750 0.299219 0.056250 0.326562
3 0.189844 0.159375 0.051562 0.253125
3 0.241406 0.410156 0.073438 0.326562
3 0.274219 0.075781 0.048438 0.151562
3 0.333203 0.076563 0.047656 0.153125
3 0.169922 0.379297 0.077344 0.261719
3 0.016797 0.312109 0.033594 0.317969
3 0.470703 0.167578 0.047656 0.213281
