3 0.504687 0.487891 0.081250 0.366406
3 0.405078 0.363281 0.078906 0.348438
3 0.335547 0.473828 0.083594 0.388281
3 0.606250 0.438672 0.100000 0.392969
3 0.640234 0.250781 0.002344 0.001563
3 0.699609 0.403125 0.071094 0.350000
3 0.214062 0.491406 0.087500 0.401562
3 0.224609 0.108984 0.077344 0.192969
3 0.536719 0.850000 0.126562 0.296875
3 0.085938 0.741797 0.125000 0.442969
3 0.447266 0.333984 0.066406 0.333594
3 0.160938 0.422266 0.075000 0.338281
3 0.123047 0.873437 0.127344 0.253125
3 0.242969 0.870313 0.132812 0.259375
3 0.126562 0.527734 0.106250 0.364844
3 0.248047 0.424219 0.077344 0.348438
3 0.288281 0.371875 0.067187 0.328125
