3 0.123047 0.286328 0.096094 0.335156
3 0.183203 0.321094 0.091406 0.348438
3 0.230078 0.278125 0.078906 0.328125
3 0.277344 0.374609 0.095312 0.367969
3 0.342969 0.353906 0.089063 0.345313
3 0.414453 0.338281 0.091406 0.351562
3 0.482422 0.324609 0.083594 0.336719
3 0.545312 0.357422 0.087500 0.342969
3 0.614844 0.326953 0.104688 0.335156
3 0.535156 0.798047 0.148438 0.383594
3 0.301563 0.761328 0.131250 0.432031
3 0.047656 0.741797 0.095312 0.417969
3 0.149219 0.581641 0.114062 0.438281
3 0.275391 0.586328 0.116406 0.432031
