3 0.273047 0.475391 0.096094 0.391406
3 0.480078 0.364453 0.085156 0.341406
3 0.057031 0.331641 0.079687 0.341406
3 0.630078 0.221875 0.085156 0.296875
3 0.822656 0.836719 0.145313 0.326562
3 0.328125 0.329297 0.087500 0.333594
3 0.149609 0.312500 0.089844 0.350000
3 0.212109 0.189453 0.071094 0.291406
3 0.354687 0.185547 0.068750 0.264844
3 0.433594 0.248828 0.073438 0.307031
3 0.539453 0.252734 0.072656 0.292969
3 0.178906 0.096094 0.057813 0.179688
3 0.096094 0.062109 0.042188 0.117969
3 0.102344 0.198437 0.067187 0.275000
