3 0.251953 0.425000 0.103906 0.328125
3 0.455469 0.525391 0.110937 0.382031
3 0.381641 0.341406 0.091406 0.351562
3 0.158594 0.915234 0.139063 0.164844
3 0.273828 0.233203 0.078906 0.316406
3 0.446484 0.249219 0.083594 0.301563
3 0.164453 0.429297 0.085156 0.189844
3 0.546484 0.119922 0.071094 0.239844
3 0.052344 0.698047 0.082812 0.417969
3 0.308594 0.060937 0.048438 0.100000
3 0.465625 0.166797 0.068750 0.267969
3 0.333594 0.114453 0.060937 0.213281
3 0.149219 0.322266 0.076563 0.191406
3 0.514062 0.076563 0.050000 0.153125
