3 0.524219 0.340234 0.095312 0.367969
3 0.297656 0.726953 0.114062 0.491406
3 0.090234 0.716406 0.121094 0.448437
3 0.519922 0.796875 0.127344 0.400000
3 0.358594 0.385937 0.082812 0.346875
3 0.192969 0.497656 0.114062 0.376563
3 0.027344 0.194922 0.051562 0.261719
3 0.105469 0.237500 0.073438 0.278125
3 0.209375 0.245703 0.068750 0.266406
3 0.310156 0.300781 0.064062 0.298438
3 0.423438 0.164453 0.075000 0.260156
3 0.291406 0.090625 0.054688 0.153125
3 0.180078 0.098047 0.047656 0.142969
3 0.155469 0.301953 0.070312 0.260156
