3 0.507031 0.699609 0.104688 0.483594
3 0.198828 0.813281 0.116406 0.373437
3 0.316406 0.768750 0.095312 0.462500
3 0.137500 0.283594 0.062500 0.304688
3 0.058203 0.191016 0.047656 0.266406
3 0.027344 0.570703 0.054688 0.407031
3 0.516406 0.206641 0.048438 0.285156
3 0.453125 0.216016 0.050000 0.285156
3 0.395313 0.278516 0.050000 0.310156
3 0.200781 0.262500 0.051562 0.303125
3 0.025781 0.300781 0.051562 0.320312
3 0.749219 0.257422 0.067187 0.289844
3 0.555859 0.163281 0.039844 0.276562
3 0.314063 0.441016 0.087500 0.335156
3 0.283984 0.304297 0.052344 0.308594
3 0.257422 0.110156 0.046094 0.204687
3 0.361719 0.113672 0.035937 0.214844
3 0.417187 0.122266 0.037500 0.235156
