3 0.064453 0.773438 0.103906 0.421875
3 0.253516 0.764062 0.128906 0.471875
3 0.175391 0.561328 0.110156 0.416406
3 0.128125 0.471484 0.087500 0.367969
3 0.311328 0.453516 0.097656 0.385156
3 0.254688 0.567969 0.106250 0.279687
3 0.226562 0.435547 0.075000 0.192969
3 0.158203 0.315234 0.066406 0.142969
3 0.139063 0.258594 0.050000 0.098437
3 0.210547 0.338281 0.058594 0.145313
3 0.208984 0.257422 0.058594 0.142969
3 0.247656 0.313672 0.060937 0.183594
3 0.293359 0.266016 0.071094 0.166406
3 0.351562 0.398438 0.075000 0.325000
3 0.408594 0.460938 0.098437 0.378125
3 0.432031 0.375781 0.082812 0.329688
3 0.492969 0.451562 0.085938 0.350000
3 0.581641 0.422266 0.097656 0.357031
3 0.633594 0.360547 0.079687 0.336719
3 0.544922 0.251953 0.064844 0.235156
3 0.510938 0.341016 0.081250 0.282031
3 0.476953 0.232031 0.047656 0.129688
3 0.458594 0.263672 0.070312 0.286719
3 0.507031 0.125000 0.067187 0.178125
3 0.646875 0.311719 0.068750 0.298438
