3 0.031250 0.719922 0.062500 0.417969
3 0.213672 0.742578 0.096094 0.482031
3 0.156250 0.523047 0.081250 0.411719
3 0.117188 0.427734 0.062500 0.364844
3 0.301172 0.434766 0.071094 0.382031
3 0.234375 0.539062 0.087500 0.271875
3 0.218750 0.405078 0.062500 0.188281
3 0.162500 0.277734 0.056250 0.139844
3 0.150000 0.216797 0.043750 0.092969
3 0.214844 0.307422 0.048438 0.139844
3 0.217969 0.225391 0.048438 0.138281
3 0.252344 0.287500 0.048438 0.178125
3 0.302344 0.246484 0.060937 0.161719
3 0.346094 0.383594 0.051562 0.320312
3 0.399219 0.452344 0.073438 0.373437
3 0.429297 0.370312 0.058594 0.325000
3 0.482812 0.453125 0.062500 0.346875
3 0.573828 0.436719 0.072656 0.351562
3 0.631250 0.380078 0.056250 0.332031
3 0.553125 0.261719 0.050000 0.229687
3 0.511719 0.346875 0.060937 0.278125
3 0.487500 0.233594 0.037500 0.126562
3 0.467969 0.262891 0.051562 0.282031
3 0.527344 0.131250 0.057813 0.175000
3 0.649219 0.333984 0.048438 0.292969
