3 0.451562 0.766016 0.112500 0.441406
3 0.219531 0.549219 0.101562 0.426563
3 0.095312 0.585938 0.125000 0.446875
3 0.306641 0.385547 0.091406 0.358594
3 0.167187 0.310937 0.087500 0.350000
3 0.082031 0.192188 0.067187 0.300000
3 0.635938 0.191016 0.081250 0.313281
3 0.452734 0.366406 0.083594 0.354687
3 0.498047 0.548438 0.096094 0.378125
3 0.398438 0.100781 0.050000 0.201563
3 0.504297 0.113281 0.139844 0.226562
3 0.292969 0.083203 0.057813 0.166406
3 0.478125 0.165234 0.062500 0.236719
3 0.330469 0.246875 0.070312 0.275000
3 0.188672 0.141406 0.064844 0.223438
