3 0.111328 0.332813 0.072656 0.328125
3 0.174219 0.358203 0.067187 0.341406
3 0.217188 0.311719 0.056250 0.323437
3 0.271094 0.402734 0.070312 0.361719
3 0.336328 0.375391 0.066406 0.338281
3 0.407031 0.350781 0.067187 0.345313
3 0.473047 0.330078 0.058594 0.332031
3 0.537109 0.356641 0.064844 0.338281
3 0.606250 0.319531 0.081250 0.326562
3 0.558203 0.800391 0.122656 0.382031
3 0.322656 0.784375 0.101562 0.421875
3 0.050781 0.796094 0.101562 0.407813
3 0.157422 0.622656 0.083594 0.429688
3 0.285156 0.614062 0.085938 0.421875
