3 0.397656 0.506641 0.085938 0.388281
3 0.492578 0.408203 0.091406 0.363281
3 0.556641 0.337109 0.078906 0.333594
3 0.361719 0.421094 0.064062 0.348438
3 0.308594 0.355469 0.079687 0.351562
3 0.258984 0.466797 0.064844 0.361719
3 0.214062 0.326172 0.068750 0.361719
3 0.160156 0.392188 0.064062 0.346875
3 0.124609 0.476953 0.083594 0.382031
3 0.083203 0.287500 0.072656 0.325000
3 0.153906 0.183203 0.060937 0.207031
3 0.455859 0.103516 0.058594 0.185156
3 0.528516 0.117578 0.053906 0.213281
3 0.502344 0.204297 0.064062 0.258594
3 0.013281 0.254297 0.026562 0.292969
