3 0.633984 0.554688 0.089844 0.400000
3 0.475781 0.462891 0.067187 0.382031
3 0.564453 0.408594 0.066406 0.354687
3 0.252734 0.370703 0.064844 0.338281
3 0.183984 0.243750 0.052344 0.271875
3 0.291406 0.723437 0.060937 0.478125
3 0.338672 0.762891 0.083594 0.438281
3 0.430078 0.388672 0.060156 0.336719
3 0.271094 0.123438 0.057813 0.221875
3 0.539453 0.148047 0.053906 0.264844
3 0.398047 0.853125 0.121094 0.271875
3 0.052344 0.872656 0.104688 0.254688
3 0.532813 0.862500 0.118750 0.246875
3 0.371094 0.239453 0.051562 0.288281
3 0.319141 0.097656 0.047656 0.195312
