3 0.495703 0.472656 0.078906 0.370312
3 0.396484 0.352344 0.077344 0.351562
3 0.326562 0.467578 0.081250 0.391406
3 0.597266 0.417969 0.097656 0.398438
3 0.632422 0.228906 0.002344 0.001563
3 0.692969 0.376563 0.070312 0.353125
3 0.205078 0.491016 0.085156 0.407031
3 0.218359 0.109375 0.077344 0.196875
3 0.525000 0.835156 0.125000 0.301563
3 0.075391 0.750781 0.122656 0.448437
3 0.438281 0.322266 0.064062 0.335156
3 0.151953 0.425391 0.072656 0.341406
3 0.113281 0.874219 0.126562 0.248438
3 0.234375 0.866016 0.131250 0.257031
3 0.117578 0.533594 0.103906 0.370312
3 0.239063 0.423438 0.075000 0.350000
3 0.280859 0.367969 0.064844 0.329688
