3 0.283984 0.508203 0.108594 0.391406
3 0.473828 0.354297 0.097656 0.339844
3 0.053906 0.412891 0.092188 0.341406
3 0.602344 0.178906 0.095312 0.295312
3 0.877344 0.775391 0.157812 0.382031
3 0.319531 0.351953 0.098437 0.332031
3 0.141797 0.374219 0.102344 0.348438
3 0.189062 0.239453 0.081250 0.291406
3 0.326172 0.204297 0.077344 0.264844
3 0.412891 0.250391 0.085156 0.307031
3 0.517969 0.232422 0.082812 0.292969
3 0.141797 0.141406 0.064844 0.204687
3 0.054297 0.124219 0.046094 0.148438
3 0.080469 0.271875 0.076563 0.275000
