3 0.780078 0.640625 0.110156 0.450000
3 0.692969 0.680078 0.114062 0.438281
3 0.563281 0.447656 0.073438 0.351562
3 0.417578 0.360938 0.066406 0.350000
3 0.062891 0.451172 0.072656 0.383594
3 0.312500 0.709766 0.093750 0.466406
3 0.122656 0.766016 0.114062 0.466406
3 0.197656 0.478906 0.070312 0.373437
3 0.357812 0.338281 0.062500 0.295312
3 0.255469 0.548047 0.070312 0.408594
3 0.448047 0.825781 0.121094 0.348438
3 0.026562 0.592578 0.050000 0.432031
3 0.500000 0.557813 0.081250 0.350000
3 0.587891 0.308984 0.060156 0.283594
3 0.460938 0.414453 0.062500 0.316406
3 0.322656 0.447656 0.070312 0.345313
3 0.156250 0.355469 0.056250 0.248438
3 0.396094 0.116797 0.051562 0.189844
3 0.444531 0.175391 0.051562 0.191406
3 0.133594 0.110547 0.045312 0.186719
3 0.237891 0.122266 0.047656 0.182031
3 0.285156 0.108984 0.048438 0.189844
