3 0.238672 0.773047 0.102344 0.439844
3 0.071094 0.512109 0.085938 0.408594
3 0.112109 0.288672 0.064844 0.317969
3 0.269922 0.520703 0.083594 0.385156
3 0.338281 0.429297 0.073438 0.358594
3 0.475781 0.650391 0.098437 0.463281
3 0.642188 0.605469 0.093750 0.451562
3 0.385547 0.312500 0.071094 0.328125
3 0.260937 0.258203 0.062500 0.163281
3 0.232422 0.248047 0.052344 0.289844
3 0.300391 0.121484 0.053906 0.242969
3 0.247656 0.082422 0.048438 0.161719
3 0.379688 0.106250 0.050000 0.200000
3 0.410938 0.060156 0.037500 0.120313
