3 0.108594 0.788281 0.132812 0.423438
3 0.305078 0.697266 0.110156 0.460156
3 0.166016 0.516016 0.085156 0.413281
3 0.284766 0.458594 0.072656 0.345313
3 0.053906 0.400391 0.089063 0.360156
3 0.116797 0.369922 0.077344 0.342969
3 0.340234 0.316797 0.071094 0.339844
3 0.393359 0.405078 0.102344 0.360156
3 0.454297 0.324609 0.077344 0.317969
3 0.561328 0.308594 0.078906 0.320312
3 0.511719 0.497656 0.085938 0.395313
3 0.666016 0.376563 0.078906 0.371875
3 0.810547 0.674219 0.146094 0.451562
3 0.912891 0.510156 0.091406 0.398438
3 0.904297 0.307422 0.108594 0.336719
3 0.975000 0.565625 0.043750 0.425000
3 0.235937 0.620313 0.087500 0.421875
