3 0.096094 0.753516 0.129688 0.488281
3 0.305078 0.475781 0.085156 0.395313
3 0.160938 0.362500 0.087500 0.328125
3 0.226953 0.328906 0.078906 0.373437
3 0.385547 0.348828 0.083594 0.335156
3 0.433203 0.314844 0.066406 0.326562
3 0.364844 0.776563 0.126562 0.421875
3 0.521094 0.289844 0.076563 0.304688
3 0.596094 0.512891 0.085938 0.385156
3 0.881250 0.499219 0.106250 0.423438
3 0.625391 0.341797 0.091406 0.339844
3 0.069531 0.382812 0.073438 0.303125
3 0.470703 0.805469 0.141406 0.354687
3 0.267969 0.330078 0.064062 0.285156
