3 0.672656 0.502734 0.082812 0.392969
3 0.523438 0.771484 0.112500 0.436719
3 0.439453 0.604297 0.097656 0.414844
3 0.130469 0.615234 0.098437 0.411719
3 0.194531 0.399609 0.073438 0.314844
3 0.056641 0.351562 0.072656 0.275000
3 0.258594 0.386328 0.060937 0.332031
3 0.280469 0.691797 0.079687 0.411719
3 0.358203 0.302734 0.060156 0.308594
3 0.417187 0.323437 0.075000 0.328125
3 0.589844 0.859375 0.110937 0.253125
3 0.493359 0.444141 0.077344 0.363281
3 0.343750 0.544922 0.093750 0.386719
3 0.328906 0.792188 0.120313 0.403125
3 0.314453 0.419922 0.066406 0.314844
3 0.127344 0.366797 0.064062 0.311719
