3 0.487500 0.775391 0.112500 0.435156
3 0.233594 0.603125 0.101562 0.425000
3 0.114062 0.661719 0.125000 0.445312
3 0.301953 0.426953 0.091406 0.357031
3 0.154688 0.377344 0.087500 0.348438
3 0.055469 0.275000 0.067187 0.300000
3 0.604688 0.178516 0.081250 0.313281
3 0.444922 0.384375 0.083594 0.353125
3 0.508984 0.555469 0.096094 0.376563
3 0.357812 0.118750 0.050000 0.225000
3 0.464062 0.117969 0.140625 0.235937
3 0.252344 0.114844 0.057813 0.198437
3 0.446875 0.180859 0.062500 0.236719
3 0.310156 0.285938 0.070312 0.275000
3 0.155859 0.205469 0.064844 0.223438
