3 0.438281 0.634766 0.085938 0.388281
3 0.258984 0.712109 0.089844 0.464844
3 0.163672 0.648828 0.077344 0.460156
3 0.571094 0.266406 0.067187 0.295312
3 0.746484 0.246094 0.077344 0.276562
3 0.405469 0.414453 0.057813 0.338281
3 0.458594 0.357031 0.064062 0.329688
3 0.045703 0.533594 0.072656 0.420312
3 0.120703 0.289062 0.053906 0.325000
3 0.195703 0.155469 0.047656 0.251563
3 0.239063 0.413281 0.068750 0.323437
3 0.285547 0.084375 0.046094 0.150000
3 0.344531 0.087891 0.045312 0.157031
3 0.168750 0.376172 0.075000 0.258594
3 0.016797 0.291797 0.033594 0.317969
3 0.475781 0.198047 0.045312 0.211719
