3 0.652344 0.544922 0.089063 0.392969
3 0.474219 0.782031 0.120313 0.435937
3 0.409766 0.608203 0.103906 0.416406
3 0.101562 0.564453 0.106250 0.413281
3 0.189453 0.362109 0.078906 0.314844
3 0.060156 0.292187 0.076563 0.275000
3 0.255078 0.359766 0.066406 0.332031
3 0.241406 0.665234 0.085938 0.411719
3 0.363672 0.294922 0.064844 0.308594
3 0.419531 0.323437 0.079687 0.328125
3 0.528516 0.877344 0.116406 0.245312
3 0.482422 0.458203 0.083594 0.363281
3 0.321875 0.530078 0.100000 0.388281
3 0.277734 0.780078 0.127344 0.416406
3 0.306641 0.402734 0.072656 0.314844
3 0.127344 0.318359 0.070312 0.311719
