3 0.097656 0.690625 0.142187 0.503125
3 0.326172 0.450781 0.096094 0.395313
3 0.188672 0.306250 0.096094 0.328125
3 0.258594 0.289062 0.089063 0.371875
3 0.414844 0.341016 0.092188 0.335156
3 0.463281 0.317969 0.073438 0.326562
3 0.364063 0.769922 0.137500 0.433594
3 0.551172 0.313281 0.083594 0.304688
3 0.610547 0.550391 0.096094 0.385156
3 0.894141 0.600000 0.116406 0.425000
3 0.651563 0.387109 0.100000 0.339844
3 0.098437 0.307031 0.081250 0.301563
3 0.465625 0.817578 0.150000 0.360156
3 0.298047 0.297266 0.071094 0.285156
