3 0.249219 0.383594 0.085938 0.323437
3 0.436719 0.515625 0.092188 0.378125
3 0.386719 0.321094 0.073438 0.348438
3 0.094141 0.880078 0.128906 0.207031
3 0.292187 0.196484 0.062500 0.314844
3 0.460938 0.240625 0.068750 0.300000
3 0.160938 0.373828 0.075000 0.185156
3 0.576953 0.124219 0.060156 0.248438
3 0.023438 0.620313 0.046875 0.415625
3 0.345313 0.039062 0.043750 0.078125
3 0.489453 0.162109 0.053906 0.264844
3 0.367188 0.095703 0.050000 0.191406
3 0.156641 0.266016 0.066406 0.188281
3 0.549219 0.078906 0.039062 0.157812
