3 0.533594 0.641406 0.129688 0.451562
3 0.352734 0.613281 0.121094 0.426563
3 0.472266 0.464844 0.103906 0.373437
3 0.197656 0.478906 0.101562 0.379688
3 0.377734 0.285547 0.077344 0.292969
3 0.317578 0.367188 0.091406 0.321875
3 0.137891 0.322266 0.085156 0.338281
3 0.596094 0.198437 0.095312 0.303125
3 0.409375 0.225391 0.075000 0.285156
3 0.225000 0.361328 0.100000 0.360156
3 0.276172 0.179297 0.077344 0.258594
3 0.210156 0.850000 0.135937 0.300000
3 0.055469 0.775781 0.092188 0.448437
3 0.361719 0.108594 0.054688 0.170313
3 0.249609 0.135156 0.058594 0.204687
