3 0.535156 0.779297 0.095312 0.439844
3 0.408594 0.572656 0.076563 0.404687
3 0.596484 0.471875 0.058594 0.400000
3 0.698047 0.450391 0.058594 0.382031
3 0.169141 0.620703 0.072656 0.466406
3 0.326953 0.465234 0.066406 0.389844
3 0.242969 0.420703 0.076563 0.357031
3 0.052344 0.729297 0.101562 0.486719
3 0.448047 0.323437 0.058594 0.303125
3 0.103516 0.461328 0.066406 0.363281
3 0.532422 0.318750 0.046094 0.303125
3 0.661719 0.367969 0.048438 0.329688
3 0.157031 0.357031 0.060937 0.223438
3 0.583203 0.158984 0.066406 0.192969
3 0.566406 0.353516 0.039062 0.307031
3 0.621484 0.336719 0.052344 0.320312
