3 0.676953 0.521094 0.097656 0.395313
3 0.094141 0.726953 0.116406 0.466406
3 0.198437 0.586328 0.100000 0.416406
3 0.326562 0.823438 0.118750 0.353125
3 0.555469 0.786719 0.114062 0.426563
3 0.456250 0.611328 0.100000 0.416406
3 0.742969 0.255078 0.098437 0.310156
3 0.288281 0.486719 0.095312 0.345313
3 0.158203 0.207422 0.066406 0.258594
3 0.253906 0.200000 0.060937 0.275000
3 0.474219 0.267578 0.067187 0.285156
3 0.651563 0.187500 0.087500 0.278125
3 0.036719 0.612109 0.073438 0.417969
3 0.613281 0.422656 0.092188 0.370312
3 0.403516 0.516016 0.085156 0.391406
3 0.571484 0.142969 0.071094 0.245312
3 0.227344 0.906250 0.142187 0.187500
3 0.549609 0.506641 0.102344 0.363281
3 0.523828 0.310547 0.072656 0.214844
3 0.529297 0.190234 0.064844 0.236719
3 0.338281 0.291406 0.064062 0.270313
3 0.316797 0.351953 0.089844 0.313281
3 0.098047 0.162891 0.064844 0.235156
3 0.291406 0.127734 0.051562 0.192969
