3 0.091406 0.700781 0.129688 0.501563
3 0.319141 0.454297 0.085156 0.392969
3 0.182812 0.313281 0.087500 0.326562
3 0.251953 0.295312 0.078906 0.371875
3 0.405859 0.343359 0.083594 0.333594
3 0.457422 0.320312 0.064844 0.325000
3 0.355469 0.773828 0.126562 0.432031
3 0.546094 0.312500 0.076563 0.303125
3 0.603906 0.548047 0.085938 0.383594
3 0.886719 0.590625 0.104688 0.421875
3 0.644922 0.384766 0.089844 0.338281
3 0.091406 0.317188 0.073438 0.300000
3 0.457422 0.819141 0.139844 0.357031
3 0.292969 0.301953 0.064062 0.285156
