3 0.393750 0.719922 0.087500 0.464844
3 0.247266 0.778906 0.091406 0.426563
3 0.141406 0.664062 0.076563 0.425000
3 0.509766 0.599219 0.078906 0.445312
3 0.600391 0.573438 0.085156 0.425000
3 0.657813 0.469141 0.068750 0.391406
3 0.210547 0.414062 0.064844 0.353125
3 0.063281 0.608203 0.082812 0.435156
3 0.378516 0.366016 0.060156 0.307031
3 0.441016 0.359375 0.060156 0.325000
3 0.320703 0.475000 0.066406 0.378125
3 0.270313 0.316797 0.056250 0.233594
3 0.511719 0.169922 0.057813 0.189844
3 0.747266 0.213672 0.072656 0.292969
