3 0.452344 0.789844 0.101562 0.420312
3 0.214453 0.582812 0.091406 0.421875
3 0.090625 0.620703 0.112500 0.441406
3 0.298047 0.417969 0.083594 0.351562
3 0.156641 0.344922 0.078906 0.342969
3 0.067578 0.227344 0.060156 0.298438
3 0.621094 0.221484 0.073438 0.308594
3 0.443750 0.399219 0.075000 0.348438
3 0.493750 0.578906 0.087500 0.373437
3 0.381250 0.121875 0.043750 0.221875
3 0.487109 0.133984 0.133594 0.239844
3 0.274609 0.102734 0.052344 0.189844
3 0.463281 0.197266 0.054688 0.235156
3 0.317969 0.278125 0.064062 0.271875
3 0.173047 0.175781 0.058594 0.220312
