3 0.608984 0.484375 0.096094 0.396875
3 0.448047 0.455078 0.083594 0.360156
3 0.497656 0.337891 0.085938 0.332031
3 0.289844 0.650781 0.107813 0.451562
3 0.188281 0.348438 0.089063 0.371875
3 0.159375 0.275391 0.068750 0.291406
3 0.282031 0.376563 0.079687 0.328125
3 0.522656 0.080078 0.042188 0.138281
3 0.452344 0.066797 0.042188 0.114844
3 0.074609 0.768359 0.121094 0.417969
3 0.589844 0.273438 0.073438 0.328125
3 0.428906 0.841016 0.114062 0.316406
3 0.506641 0.736328 0.103906 0.438281
3 0.200781 0.850781 0.135937 0.276562
