3 0.502344 0.684766 0.114062 0.488281
3 0.189453 0.791016 0.122656 0.388281
3 0.310156 0.750000 0.104688 0.471875
3 0.149219 0.254297 0.067187 0.308594
3 0.073047 0.158984 0.052344 0.267969
3 0.030469 0.536328 0.057813 0.410156
3 0.528516 0.191016 0.053906 0.288281
3 0.464844 0.199609 0.054688 0.286719
3 0.405469 0.259766 0.054688 0.313281
3 0.210938 0.235156 0.056250 0.304688
3 0.032813 0.267188 0.062500 0.321875
3 0.759766 0.251172 0.072656 0.292969
3 0.569531 0.151562 0.045312 0.278125
3 0.317969 0.417578 0.092188 0.338281
3 0.292969 0.280078 0.057813 0.310156
3 0.273438 0.094141 0.050000 0.188281
3 0.376172 0.100781 0.039844 0.201563
3 0.431641 0.110937 0.041406 0.221875
