3 0.393750 0.725391 0.087500 0.463281
3 0.247266 0.782813 0.091406 0.425000
3 0.141406 0.666406 0.076563 0.423438
3 0.509766 0.607422 0.078906 0.442969
3 0.600391 0.583594 0.085156 0.423438
3 0.657813 0.479297 0.068750 0.389844
3 0.210547 0.417187 0.064844 0.353125
3 0.063281 0.608984 0.082812 0.433594
3 0.378516 0.372266 0.060156 0.307031
3 0.441016 0.365625 0.060156 0.325000
3 0.320703 0.480469 0.066406 0.376563
3 0.270313 0.321484 0.056250 0.233594
3 0.511719 0.177734 0.057813 0.189844
3 0.747266 0.225391 0.072656 0.291406
