3 0.496094 0.472266 0.070312 0.366406
3 0.400000 0.347656 0.068750 0.348438
3 0.327734 0.459766 0.071094 0.388281
3 0.600000 0.422656 0.087500 0.395313
3 0.638672 0.235156 0.002344 0.001563
3 0.694531 0.385937 0.060937 0.350000
3 0.206250 0.477344 0.075000 0.401562
3 0.228516 0.095703 0.072656 0.191406
3 0.516406 0.835938 0.117188 0.296875
3 0.069531 0.730859 0.110937 0.442969
3 0.442969 0.319922 0.054688 0.333594
3 0.155469 0.409766 0.064062 0.338281
3 0.102344 0.865234 0.120313 0.264844
3 0.223438 0.861328 0.125000 0.266406
3 0.117969 0.516016 0.095312 0.366406
3 0.241016 0.410156 0.066406 0.348438
3 0.284375 0.359375 0.056250 0.328125
