3 0.128906 0.783594 0.114062 0.432812
3 0.326562 0.701172 0.118750 0.483594
3 0.153906 0.608594 0.092188 0.370312
3 0.149609 0.348438 0.071094 0.321875
3 0.207422 0.458203 0.089844 0.388281
3 0.325391 0.442969 0.091406 0.251563
3 0.477344 0.572266 0.095312 0.457031
3 0.298047 0.330859 0.064844 0.314844
3 0.349219 0.264844 0.070312 0.295312
3 0.382031 0.356641 0.070312 0.316406
3 0.522266 0.371875 0.078906 0.350000
3 0.582031 0.249219 0.073438 0.298438
3 0.505859 0.175391 0.052344 0.191406
3 0.475781 0.187891 0.051562 0.263281
3 0.412891 0.119922 0.053906 0.217969
