3 0.511328 0.353906 0.097656 0.370312
3 0.273438 0.733203 0.118750 0.491406
3 0.065625 0.719531 0.125000 0.448437
3 0.492188 0.803516 0.131250 0.391406
3 0.345703 0.392969 0.085156 0.348438
3 0.175781 0.502344 0.117188 0.376563
3 0.023047 0.194922 0.046094 0.261719
3 0.096094 0.239844 0.076563 0.279687
3 0.199609 0.249609 0.071094 0.267969
3 0.298828 0.309375 0.066406 0.300000
3 0.416797 0.174609 0.077344 0.261719
3 0.289062 0.098437 0.056250 0.153125
3 0.177344 0.102734 0.048438 0.142969
3 0.144141 0.304297 0.072656 0.261719
