3 0.514844 0.773438 0.117188 0.446875
3 0.399609 0.557422 0.096094 0.411719
3 0.594531 0.470313 0.079687 0.403125
3 0.695703 0.458984 0.078906 0.386719
3 0.158203 0.587500 0.097656 0.471875
3 0.326562 0.446094 0.087500 0.395313
3 0.243750 0.392578 0.093750 0.363281
3 0.048438 0.685156 0.096875 0.495312
3 0.454688 0.312109 0.075000 0.308594
3 0.103516 0.424219 0.085156 0.370312
3 0.539062 0.313672 0.062500 0.308594
3 0.664453 0.372266 0.066406 0.335156
3 0.162891 0.322656 0.072656 0.229687
3 0.600781 0.158594 0.076563 0.198437
3 0.570703 0.352734 0.053906 0.308594
3 0.628125 0.338281 0.068750 0.323437
