3 0.598047 0.450000 0.108594 0.396875
3 0.436719 0.456641 0.095312 0.360156
3 0.474219 0.328516 0.095312 0.332031
3 0.299219 0.682813 0.120313 0.453125
3 0.171094 0.403125 0.101562 0.371875
3 0.133984 0.337891 0.077344 0.291406
3 0.264844 0.412500 0.089063 0.328125
3 0.475781 0.067969 0.048438 0.135937
3 0.405859 0.067969 0.046094 0.120313
3 0.096484 0.816016 0.133594 0.366406
3 0.560547 0.246875 0.083594 0.328125
3 0.451953 0.841016 0.122656 0.316406
3 0.520703 0.721484 0.116406 0.439844
3 0.228125 0.879297 0.143750 0.239844
