3 0.412109 0.742578 0.102344 0.463281
3 0.268750 0.793750 0.106250 0.412500
3 0.158203 0.687500 0.091406 0.425000
3 0.523438 0.622656 0.093750 0.445312
3 0.612500 0.596875 0.100000 0.425000
3 0.666406 0.491797 0.082812 0.389844
3 0.216797 0.438281 0.077344 0.354687
3 0.076953 0.631641 0.097656 0.435156
3 0.383594 0.390234 0.070312 0.308594
3 0.444922 0.382812 0.071094 0.325000
3 0.328906 0.498437 0.079687 0.378125
3 0.272656 0.340234 0.064062 0.233594
3 0.505469 0.193359 0.064062 0.189844
3 0.744531 0.237109 0.082812 0.292969
