3 0.458594 0.348047 0.089063 0.342969
3 0.558203 0.344922 0.091406 0.364844
3 0.372656 0.529687 0.104688 0.400000
3 0.086719 0.722266 0.114062 0.460156
3 0.224609 0.533203 0.083594 0.410156
3 0.603906 0.794531 0.120313 0.410938
3 0.668359 0.601562 0.102344 0.471875
3 0.135156 0.575391 0.098437 0.391406
3 0.297266 0.638281 0.091406 0.448437
3 0.950781 0.600391 0.098437 0.410156
3 0.459766 0.728906 0.128906 0.395313
3 0.179688 0.437500 0.068750 0.328125
3 0.121094 0.355859 0.064062 0.286719
3 0.241406 0.312109 0.070312 0.264844
3 0.289844 0.386328 0.070312 0.282031
3 0.342969 0.325781 0.076563 0.320312
