3 0.673828 0.523828 0.085156 0.388281
3 0.074219 0.656641 0.101562 0.457031
3 0.192578 0.530078 0.085156 0.410156
3 0.292969 0.801172 0.104688 0.383594
3 0.525781 0.781250 0.098437 0.437500
3 0.445703 0.586328 0.085156 0.410156
3 0.764844 0.267188 0.089063 0.303125
3 0.290234 0.441016 0.083594 0.338281
3 0.186719 0.147656 0.057813 0.254688
3 0.282422 0.151562 0.052344 0.271875
3 0.496484 0.248438 0.058594 0.278125
3 0.680078 0.189844 0.078906 0.270313
3 0.029297 0.535547 0.058594 0.411719
3 0.619531 0.417578 0.079687 0.363281
3 0.402734 0.486328 0.071094 0.385156
3 0.605469 0.133984 0.064062 0.242969
3 0.188281 0.877344 0.135937 0.223438
3 0.548047 0.494531 0.089844 0.354687
3 0.541797 0.296484 0.064844 0.208594
3 0.559375 0.176953 0.056250 0.232031
3 0.358594 0.253516 0.054688 0.266406
3 0.331641 0.311719 0.078906 0.304688
3 0.132812 0.105469 0.056250 0.210938
3 0.327344 0.089844 0.045312 0.179688
