3 0.462109 0.637109 0.096094 0.392969
3 0.289844 0.723047 0.101562 0.467969
3 0.190234 0.663672 0.089844 0.464844
3 0.573438 0.263281 0.075000 0.298438
3 0.747266 0.235156 0.085156 0.279687
3 0.416016 0.417578 0.066406 0.341406
3 0.466797 0.358203 0.071094 0.332031
3 0.066797 0.553906 0.083594 0.423438
3 0.124219 0.305469 0.060937 0.326562
3 0.192969 0.170313 0.054688 0.253125
3 0.250391 0.424219 0.078906 0.326562
3 0.276562 0.092969 0.050000 0.151562
3 0.335156 0.094922 0.048438 0.158594
3 0.179688 0.390234 0.081250 0.261719
3 0.023047 0.313672 0.039844 0.317969
3 0.473438 0.198828 0.050000 0.213281
