3 0.253906 0.789844 0.117188 0.420312
3 0.076563 0.537109 0.100000 0.411719
3 0.110937 0.315625 0.075000 0.321875
3 0.275391 0.551953 0.097656 0.388281
3 0.339844 0.463672 0.085938 0.361719
3 0.485156 0.687109 0.114062 0.467969
3 0.651172 0.649219 0.108594 0.454688
3 0.384375 0.347656 0.081250 0.329688
3 0.257812 0.289453 0.068750 0.166406
3 0.228125 0.276953 0.062500 0.291406
3 0.292187 0.152344 0.062500 0.248438
3 0.238281 0.111328 0.054688 0.163281
3 0.370312 0.141406 0.056250 0.201563
3 0.400391 0.089453 0.041406 0.135156
