3 0.273047 0.469141 0.083594 0.388281
3 0.478125 0.335547 0.075000 0.336719
3 0.053906 0.348828 0.070312 0.338281
3 0.623047 0.175391 0.077344 0.291406
3 0.835547 0.793359 0.133594 0.364844
3 0.324609 0.317188 0.077344 0.328125
3 0.146094 0.319531 0.079687 0.345313
3 0.206250 0.189453 0.062500 0.288281
3 0.346094 0.171484 0.060937 0.261719
3 0.427734 0.225781 0.064844 0.304688
3 0.533594 0.217578 0.064062 0.291406
3 0.166797 0.094141 0.052344 0.188281
3 0.082812 0.066406 0.037500 0.132812
3 0.094922 0.210938 0.058594 0.271875
