3 0.105078 0.747656 0.116406 0.454688
3 0.307422 0.672266 0.121094 0.485156
3 0.142969 0.563672 0.092188 0.367969
3 0.158203 0.304688 0.072656 0.321875
3 0.207422 0.419141 0.089844 0.388281
3 0.327344 0.414844 0.092188 0.251563
3 0.467578 0.556641 0.097656 0.457031
3 0.306641 0.301172 0.066406 0.314844
3 0.363672 0.239844 0.071094 0.295312
3 0.388672 0.333203 0.071094 0.316406
3 0.528906 0.360938 0.079687 0.350000
3 0.596875 0.246094 0.075000 0.298438
3 0.526953 0.165234 0.053906 0.192969
3 0.493359 0.174609 0.052344 0.264844
3 0.435937 0.104688 0.053125 0.209375
