3 0.111328 0.348828 0.078906 0.332031
3 0.172266 0.370312 0.072656 0.346875
3 0.216406 0.321094 0.060937 0.326562
3 0.272656 0.408203 0.076563 0.366406
3 0.335547 0.374609 0.071094 0.342969
3 0.405469 0.346875 0.073438 0.350000
3 0.471484 0.321484 0.064844 0.333594
3 0.536719 0.341797 0.070312 0.342969
3 0.604688 0.300391 0.087500 0.332031
3 0.573828 0.783984 0.128906 0.389844
3 0.335547 0.778906 0.108594 0.420312
3 0.059375 0.803516 0.118750 0.391406
3 0.166406 0.633203 0.092188 0.435156
3 0.293750 0.615625 0.093750 0.428125
