3 0.648047 0.517578 0.077344 0.391406
3 0.478906 0.774609 0.107813 0.436719
3 0.408203 0.603516 0.091406 0.413281
3 0.098437 0.589453 0.093750 0.410156
3 0.180469 0.378516 0.070312 0.313281
3 0.050000 0.321094 0.068750 0.273438
3 0.246875 0.371875 0.056250 0.328125
3 0.242188 0.676953 0.075000 0.410156
3 0.351562 0.296094 0.056250 0.304688
3 0.410547 0.319531 0.071094 0.326562
3 0.536719 0.867188 0.107813 0.250000
3 0.475391 0.448047 0.072656 0.361719
3 0.317969 0.534766 0.089063 0.385156
3 0.282422 0.786328 0.114844 0.410156
3 0.298438 0.408203 0.062500 0.313281
3 0.117578 0.341797 0.060156 0.311719
