3 0.780859 0.623437 0.114844 0.453125
3 0.692187 0.659766 0.118750 0.441406
3 0.572266 0.423438 0.078906 0.353125
3 0.430859 0.330469 0.071094 0.351562
3 0.071484 0.408203 0.077344 0.385156
3 0.311719 0.674609 0.098437 0.467969
3 0.121094 0.733203 0.120313 0.485156
3 0.204687 0.440625 0.075000 0.375000
3 0.370703 0.305469 0.066406 0.295312
3 0.261719 0.511328 0.076563 0.410156
3 0.442969 0.801953 0.126562 0.363281
3 0.032031 0.546484 0.051562 0.433594
3 0.505469 0.530469 0.085938 0.351562
3 0.602344 0.285547 0.064062 0.283594
3 0.470703 0.386328 0.066406 0.316406
3 0.332813 0.412500 0.075000 0.346875
3 0.168359 0.314844 0.058594 0.248438
3 0.416406 0.090625 0.054688 0.181250
3 0.464453 0.148047 0.053906 0.192969
3 0.154297 0.081641 0.046094 0.163281
3 0.259375 0.088281 0.050000 0.176563
3 0.307031 0.083984 0.051562 0.167969
