3 0.404687 0.483984 0.093750 0.389844
3 0.506641 0.397266 0.097656 0.363281
3 0.574219 0.333984 0.085938 0.333594
3 0.373047 0.392969 0.071094 0.348438
3 0.326562 0.324219 0.087500 0.351562
3 0.268359 0.429297 0.071094 0.361719
3 0.232813 0.283203 0.075000 0.363281
3 0.174609 0.340625 0.071094 0.346875
3 0.134766 0.422266 0.091406 0.382031
3 0.105078 0.229687 0.078906 0.325000
3 0.183203 0.132422 0.066406 0.208594
3 0.488281 0.089844 0.064062 0.179688
3 0.560547 0.111328 0.058594 0.216406
3 0.529687 0.194141 0.068750 0.260156
3 0.031641 0.188672 0.047656 0.292969
