3 0.529297 0.335156 0.102344 0.373437
3 0.248438 0.674219 0.125000 0.495312
3 0.055469 0.625781 0.110937 0.451562
3 0.458594 0.785937 0.135937 0.403125
3 0.361719 0.346875 0.089063 0.350000
3 0.180859 0.427344 0.121094 0.379688
3 0.057031 0.114062 0.070312 0.228125
3 0.135156 0.153516 0.079687 0.282031
3 0.234375 0.180469 0.075000 0.270313
3 0.327344 0.254688 0.070312 0.300000
3 0.458594 0.141797 0.079687 0.261719
3 0.339062 0.060937 0.056250 0.121875
3 0.228125 0.051562 0.050000 0.103125
3 0.173437 0.226172 0.075000 0.261719
