3 0.686328 0.504297 0.097656 0.392969
3 0.106641 0.725391 0.116406 0.463281
3 0.209375 0.582422 0.100000 0.414844
3 0.339062 0.820312 0.118750 0.359375
3 0.569531 0.780078 0.114062 0.438281
3 0.467187 0.601172 0.100000 0.414844
3 0.747656 0.237109 0.098437 0.308594
3 0.297656 0.479297 0.095312 0.342969
3 0.161328 0.202734 0.066406 0.258594
3 0.257031 0.193750 0.060937 0.275000
3 0.478906 0.257422 0.067187 0.283594
3 0.654687 0.172656 0.087500 0.276562
3 0.045312 0.611328 0.081250 0.416406
3 0.621094 0.407422 0.092188 0.367969
3 0.412891 0.507422 0.085156 0.389844
3 0.574609 0.129297 0.071094 0.242969
3 0.244531 0.904297 0.142187 0.189844
3 0.557422 0.493359 0.102344 0.361719
3 0.528516 0.298828 0.072656 0.213281
3 0.532422 0.177734 0.064844 0.236719
3 0.342969 0.283594 0.064062 0.270313
3 0.323047 0.344922 0.089844 0.311719
3 0.101172 0.161328 0.064844 0.235156
3 0.292969 0.120703 0.051562 0.191406
