3 0.226562 0.745703 0.125000 0.457031
3 0.077344 0.446484 0.107813 0.408594
3 0.136719 0.233594 0.079687 0.320312
3 0.273828 0.494141 0.103906 0.385156
3 0.350781 0.419922 0.092188 0.358594
3 0.468359 0.665234 0.121094 0.464844
3 0.637891 0.657031 0.116406 0.454688
3 0.405469 0.312500 0.089063 0.328125
3 0.286719 0.233984 0.070312 0.164844
3 0.258594 0.215234 0.067187 0.289844
3 0.336328 0.115625 0.066406 0.225000
3 0.287500 0.069922 0.056250 0.133594
3 0.416016 0.107813 0.060156 0.200000
3 0.452344 0.065625 0.045312 0.125000
