3 0.454297 0.324609 0.077344 0.336719
3 0.553516 0.321484 0.078906 0.358594
3 0.358203 0.507422 0.091406 0.392969
3 0.061719 0.698438 0.098437 0.453125
3 0.211719 0.509375 0.070312 0.403125
3 0.577344 0.783594 0.104688 0.423438
3 0.651953 0.578516 0.085156 0.466406
3 0.117969 0.552734 0.085938 0.386719
3 0.277344 0.614453 0.076563 0.441406
3 0.939063 0.578125 0.093750 0.403125
3 0.436719 0.704297 0.117188 0.386719
3 0.170313 0.414062 0.056250 0.325000
3 0.114453 0.333984 0.053906 0.283594
3 0.239453 0.288672 0.060156 0.258594
3 0.283203 0.363281 0.060156 0.276562
3 0.339453 0.301172 0.066406 0.314844
