3 0.632031 0.560156 0.092188 0.398438
3 0.473438 0.466016 0.068750 0.382031
3 0.563281 0.413281 0.067187 0.354687
3 0.250391 0.373828 0.066406 0.338281
3 0.183203 0.245312 0.053906 0.271875
3 0.288281 0.725000 0.064062 0.478125
3 0.334766 0.764453 0.085156 0.438281
3 0.427344 0.391797 0.060937 0.336719
3 0.269922 0.125000 0.058594 0.221875
3 0.538281 0.152734 0.054688 0.264844
3 0.395703 0.857812 0.122656 0.271875
3 0.051172 0.872656 0.102344 0.254688
3 0.528125 0.865625 0.118750 0.246875
3 0.369922 0.242578 0.052344 0.288281
3 0.317969 0.099219 0.048438 0.198437
