3 0.067969 0.342187 0.082812 0.325000
3 0.663281 0.290625 0.095312 0.350000
3 0.826172 0.239063 0.096094 0.321875
3 0.954297 0.341406 0.089844 0.354687
3 0.622266 0.217188 0.091406 0.300000
3 0.530859 0.345703 0.096094 0.341406
3 0.481250 0.466016 0.106250 0.382031
3 0.336719 0.408203 0.092188 0.357031
3 0.291406 0.361719 0.067187 0.323437
3 0.267578 0.544922 0.103906 0.408594
3 0.187109 0.742969 0.127344 0.479687
3 0.177734 0.439063 0.096094 0.371875
3 0.115625 0.387109 0.093750 0.336719
3 0.410938 0.458203 0.093750 0.363281
