3 0.089844 0.739844 0.154688 0.445312
3 0.291797 0.673047 0.133594 0.467969
3 0.167187 0.472656 0.106250 0.420312
3 0.288672 0.430469 0.089844 0.351562
3 0.064062 0.339453 0.106250 0.366406
3 0.130469 0.317969 0.095312 0.351562
3 0.357031 0.300000 0.089063 0.346875
3 0.401172 0.396094 0.121094 0.370312
3 0.468750 0.324219 0.093750 0.326562
3 0.575781 0.322656 0.095312 0.326562
3 0.510938 0.503906 0.106250 0.401562
3 0.675781 0.407031 0.098437 0.379688
3 0.795312 0.723047 0.168750 0.464844
3 0.910156 0.575391 0.110937 0.407031
3 0.916406 0.373437 0.126562 0.346875
3 0.966406 0.639844 0.060937 0.429688
3 0.228516 0.585156 0.110156 0.429688
