3 0.071094 0.287500 0.073438 0.325000
3 0.666406 0.354687 0.085938 0.350000
3 0.835156 0.336719 0.089063 0.320312
3 0.951562 0.464844 0.087500 0.354687
3 0.633984 0.274219 0.083594 0.298438
3 0.529687 0.383984 0.087500 0.339844
3 0.466016 0.491406 0.097656 0.379688
3 0.329297 0.405469 0.083594 0.354687
3 0.290234 0.350000 0.058594 0.321875
3 0.247656 0.525391 0.092188 0.407031
3 0.143359 0.707031 0.114844 0.476562
3 0.170313 0.403906 0.087500 0.370312
3 0.114453 0.341016 0.085156 0.335156
3 0.397266 0.470703 0.085156 0.363281
