3 0.082031 0.746484 0.154688 0.442969
3 0.285547 0.667578 0.133594 0.466406
3 0.160938 0.474219 0.106250 0.420312
3 0.283203 0.427344 0.091406 0.351562
3 0.057813 0.348047 0.106250 0.364844
3 0.122656 0.323437 0.095312 0.350000
3 0.349609 0.291406 0.089844 0.345313
3 0.396094 0.383984 0.120313 0.367969
3 0.461719 0.310937 0.095312 0.325000
3 0.568359 0.302344 0.096094 0.326562
3 0.504687 0.487500 0.106250 0.400000
3 0.669531 0.381250 0.098437 0.378125
3 0.788281 0.689453 0.170313 0.460156
3 0.903906 0.536719 0.110937 0.404687
3 0.910156 0.335156 0.126562 0.345313
3 0.960938 0.598437 0.062500 0.428125
3 0.221484 0.585938 0.108594 0.428125
