3 0.773438 0.609375 0.131250 0.453125
3 0.687891 0.655078 0.135156 0.441406
3 0.553516 0.434375 0.091406 0.353125
3 0.405859 0.360156 0.083594 0.351562
3 0.053516 0.480859 0.091406 0.383594
3 0.308984 0.716797 0.114844 0.467969
3 0.121094 0.777734 0.135937 0.442969
3 0.189844 0.497656 0.089063 0.373437
3 0.346094 0.342187 0.076563 0.296875
3 0.247656 0.561328 0.089063 0.410156
3 0.447656 0.822656 0.139063 0.354687
3 0.027344 0.624609 0.054688 0.433594
3 0.492578 0.550000 0.097656 0.353125
3 0.573828 0.294922 0.072656 0.283594
3 0.449219 0.411328 0.076563 0.316406
3 0.312500 0.454688 0.087500 0.346875
3 0.144531 0.376563 0.067187 0.250000
3 0.378516 0.119922 0.060156 0.192969
3 0.428516 0.173047 0.060156 0.192969
3 0.116016 0.136328 0.053906 0.188281
3 0.220312 0.137109 0.056250 0.183594
3 0.267969 0.119922 0.057813 0.192969
