3 0.248438 0.438281 0.100000 0.329688
3 0.450781 0.549609 0.107813 0.383594
3 0.378906 0.360938 0.089063 0.353125
3 0.150000 0.919531 0.137500 0.160938
3 0.271094 0.247266 0.076563 0.316406
3 0.443750 0.272656 0.081250 0.301563
3 0.160547 0.437891 0.083594 0.191406
3 0.546094 0.144531 0.070312 0.251563
3 0.045703 0.699609 0.078906 0.417969
3 0.306641 0.076563 0.047656 0.100000
3 0.464453 0.191797 0.066406 0.267969
3 0.332422 0.131641 0.058594 0.213281
3 0.145313 0.330078 0.075000 0.191406
3 0.513281 0.098828 0.048438 0.166406
