3 0.111719 0.766406 0.104688 0.448437
3 0.312109 0.681641 0.108594 0.482031
3 0.144922 0.580078 0.083594 0.366406
3 0.152734 0.319922 0.064844 0.317969
3 0.206250 0.433984 0.081250 0.386719
3 0.324219 0.422656 0.085938 0.248438
3 0.471094 0.559375 0.085938 0.453125
3 0.302344 0.309766 0.057813 0.313281
3 0.357031 0.247266 0.064062 0.291406
3 0.384375 0.339453 0.062500 0.313281
3 0.524609 0.360938 0.071094 0.346875
3 0.589844 0.241406 0.067187 0.295312
3 0.517969 0.164453 0.048438 0.191406
3 0.486719 0.175391 0.045312 0.263281
3 0.425781 0.105469 0.048438 0.210938
