3 0.460547 0.327734 0.089844 0.339844
3 0.560156 0.318359 0.092188 0.361719
3 0.375000 0.514062 0.106250 0.396875
3 0.089453 0.717578 0.116406 0.457031
3 0.226953 0.522266 0.085156 0.407031
3 0.607422 0.778906 0.121094 0.429688
3 0.670703 0.571484 0.103906 0.467969
3 0.138281 0.570703 0.101562 0.388281
3 0.300000 0.624219 0.093750 0.445312
3 0.950781 0.556250 0.098437 0.406250
3 0.464062 0.708203 0.131250 0.391406
3 0.182031 0.428906 0.070312 0.326562
3 0.121484 0.350391 0.064844 0.285156
3 0.241797 0.301172 0.071094 0.261719
3 0.291797 0.373437 0.071094 0.278125
3 0.344141 0.309766 0.078906 0.316406
