3 0.514062 0.616406 0.106250 0.445312
3 0.335938 0.567969 0.100000 0.420312
3 0.470703 0.433203 0.085156 0.366406
3 0.196875 0.418750 0.081250 0.375000
3 0.395313 0.244922 0.062500 0.289844
3 0.328125 0.320703 0.075000 0.316406
3 0.153906 0.256641 0.067187 0.335156
3 0.622656 0.183594 0.079687 0.298438
3 0.433203 0.189453 0.060156 0.282031
3 0.235937 0.304688 0.081250 0.353125
3 0.305469 0.130078 0.064062 0.257031
3 0.167969 0.814453 0.120313 0.341406
3 0.028125 0.708203 0.056250 0.466406
3 0.398047 0.075781 0.046094 0.151562
3 0.283594 0.090625 0.048438 0.181250
