3 0.598828 0.464453 0.091406 0.391406
3 0.436328 0.449219 0.078906 0.354687
3 0.486719 0.327344 0.082812 0.326562
3 0.280469 0.653125 0.101562 0.446875
3 0.176953 0.358203 0.085156 0.366406
3 0.146484 0.288672 0.064844 0.286719
3 0.269531 0.380469 0.076563 0.323437
3 0.508594 0.067187 0.042188 0.134375
3 0.439453 0.057422 0.041406 0.114844
3 0.066016 0.786328 0.116406 0.410156
3 0.578906 0.255469 0.070312 0.323437
3 0.419922 0.840234 0.108594 0.317969
3 0.497656 0.724609 0.098437 0.433594
3 0.190234 0.861328 0.133594 0.266406
