3 0.514844 0.684766 0.114062 0.485156
3 0.205078 0.798047 0.122656 0.386719
3 0.324219 0.755469 0.104688 0.470313
3 0.149219 0.262891 0.067187 0.307031
3 0.069922 0.169922 0.052344 0.267969
3 0.036719 0.548047 0.060937 0.408594
3 0.526953 0.191797 0.053906 0.286719
3 0.464844 0.201172 0.054688 0.286719
3 0.407031 0.262109 0.054688 0.311719
3 0.210938 0.241406 0.056250 0.304688
3 0.035156 0.278125 0.060937 0.321875
3 0.759766 0.245703 0.072656 0.291406
3 0.567969 0.150000 0.045312 0.278125
3 0.321875 0.423047 0.093750 0.336719
3 0.294531 0.284766 0.057813 0.310156
3 0.268750 0.096484 0.050000 0.192969
3 0.373047 0.101562 0.039844 0.203125
3 0.428516 0.111719 0.041406 0.223438
