3 0.062109 0.324219 0.071094 0.323437
3 0.660156 0.324219 0.082812 0.348438
3 0.827344 0.285547 0.085938 0.317969
3 0.953906 0.400000 0.089063 0.353125
3 0.623437 0.246875 0.081250 0.296875
3 0.526172 0.367578 0.083594 0.338281
3 0.469531 0.482812 0.095312 0.378125
3 0.328906 0.412500 0.079687 0.353125
3 0.285938 0.362500 0.056250 0.321875
3 0.252344 0.542969 0.089063 0.404687
3 0.161328 0.735938 0.110156 0.475000
3 0.167578 0.429297 0.085156 0.367969
3 0.109375 0.373047 0.081250 0.333594
3 0.399219 0.469922 0.082812 0.361719
