3 0.516016 0.613281 0.116406 0.448437
3 0.337109 0.585938 0.108594 0.421875
3 0.464844 0.437109 0.092188 0.367969
3 0.188672 0.453906 0.089844 0.376563
3 0.378125 0.258203 0.068750 0.291406
3 0.314063 0.340234 0.081250 0.317969
3 0.136719 0.298047 0.073438 0.336719
3 0.599219 0.170313 0.085938 0.300000
3 0.411328 0.198828 0.066406 0.282031
3 0.220312 0.336719 0.087500 0.354687
3 0.282031 0.155078 0.070312 0.257031
3 0.182031 0.838672 0.126562 0.317969
3 0.035156 0.763672 0.070312 0.467969
3 0.370312 0.083203 0.050000 0.166406
3 0.257422 0.110937 0.052344 0.203125
